385
49
251
221
6
57
239
246
316
136
79
215
445
69
220
247
489
495
46
91
430
203
325
351
479
184
142
224
162
263
277
322
72
229
41
10
477
211
338
425
92
130
24
55
269
179
16
239
442
349
101
293
137
342
96
211
466
327
104
289
435
201
436
399
57
188
218
375
387
34
238
201
75
49
308
85
462
487
284
275
305
422
30
165
58
38
221
9
28
80
259
399
477
309
105
460
248
43
334
229
253
323
70
125
299
260
367
443
279
78
54
323
499
150
150
460
218
124
257
198
470
373
363
41
107
414
170
107
424
271
484
144
195
340
152
16
244
333
40
187
295
355
212
387
282
233
183
312
66
470
334
13
114
186
258
180
114
466
397
462
479
449
310
464
182
327
142
165
307
181
380
37
352
176
60
12
242
28
266
402
338
126
462
463
211
152
42
468
316
99
203
361
62
163
492
157
237
99
220
99
385
16
88
32
332
431
182
464
322
494
313
426
90
322
14
26
244
62
416
229
436
284
441
386
344
379
184
149
96
431
51
135
129
66
254
351
245
98
331
149
145
442
193
110
99
441
368
339
414
65
337
256
482
146
494
402
379
365
423
227
446
243
393
283
228
103
142
244
204
4
291
344
132
292
352
113
254
44
207
84
339
428
478
264
469
401
18
57
196
425
402
363
60
329
400
10
294
476
120
64
416
466
91
270
241
127
472
44
491
351
404
158
442
96
36
312
90
394
14
193
402
435
368
376
186
33
481
383
349
491
73
95
331
314
305
314
424
105
153
162
40
399
382
359
390
178
185
408
26
332
384
279
448
394
416
268
159
104
251
284
363
349
136
188
473
355
368
376
409
184
457
318
384
369
56
29
310
327
315
39
37
294
257
108
19
204
203
126
468
168
134
270
313
428
324
306
103
356
136
202
383
353
375
311
37
337
369
413
356
22
282
458
282
377
173
226
14
125
403
117
61
202
315
132
314
422
402
112
402
175
359
324
45
121
194
282
84
128
189
316
257
141
141
294
376
262
76
81
115
474
9
212
43
447
498
59
289
442
424
10
66
302
115
454
65
112
372
51
22
172
350
119
13
101
247
318
452
167
168
435
136
333
245
165
457
310
199
13
37
243
184
220
250
100
380
205
127
146
296
197
358
193
340
118
460
337
398
445
330
71
179
16
385
496
66
415
42
100
99
125
500
365
358
163
300
226
122
129
405
63
259
10
353
7
17
380
274
435
387
102
238
456
365
401
97
347
14
253
83
158
97
28
274
165
286
446
57
355
70
7
130
32
377
411
285
227
430
287
416
94
102
249
434
61
59
322
274
215
30
31
195
321
249
267
414
126
134
296
318
291
121
375
42
404
449
107
170
223
289
32
99
111
191
457
152
49
2
340
94
80
315
147
460
343
86
79
276
171
53
200
361
404
198
435
373
127
160
161
260
87
353
1
342
486
314
398
260
174
426
194
76
218
479
375
34
199
179
397
46
64
118
362
174
102
332
424
477
258
366
389
480
15
309
93
200
54
60
23
361
192
103
166
32
431
356
402
190
473
103
474
440
300
163
265
12
382
271
275
144
362
186
374
226
174
497
5
199
154
51
135
6
445
184
179
62
324
79
241
198
124
118
71
336
240
103
155
101
241
358
148
237
32
169
352
248
333
180
493
121
380
496
402
492
143
449
376
295
169
41
429
438
253
34
25
143
128
80
251
214
52
96
214
180
187
45
266
209
328
192
422
63
177
41
491
151
63
474
189
113
14
96
145
448
425
430
62
54
71
95
461
298
463
216
369
271
59
347
440
186
125
113
437
256
7
121
446
164
213
118
92
183
205
322
20
18
339
361
218
318
34
25
284
145
100
335
204
244
239
152
152
177
140
451
451
483
155
263
28
111
363
328
165
412
241
114
33
407
462
493
294
151
441
64
464
57
415
463
90
212
207
152
313
156
22
214
69
202
86
266
72
104
199
490
82
300
282
324
144
255
287
36
119
446
158
213
427
300
203
374
40
127
319
144
249
63
393
475
264
7
318
279
129
269
451
491
113
113
75
109
160
