251
239
79
479
263
277
229
41
211
269
179
239
349
101
293
137
211
487
43
229
251
239
79
479
263
277
229
41
211
269
179
239
349
101
293
137
211
487
43
229
367
443
499
257
373
41
107
107
271
233
13
397
479
449
307
181
37
463
211
163
157
251
239
79
479
263
277
229
41
211
269
179
239
349
101
293
137
211
487
43
229
367
443
499
257
373
41
107
107
271
233
13
397
479
449
307
181
37
463
211
163
157
431
313
229
379
149
431
331
149
193
337
379
227
283
103
113
401
251 
239 
79 
479 
263 
277 
229 
41 
211 
269 
179 
239 
349 
101 
293 
137 
211 
487 
43 
229 
367 
443 
499 
257 
373 
41 
107 
107 
271 
233 
13 
397 
479 
449 
307 
181 
37 
463 
211 
163 
157 
431 
313 
229 
379 
149 
431 
331 
149 
193 
337 
379 
227 
283 
103 
113 
401 
251
239
79
479
263
277
229
41
211
269
179
239
349
101
293
137
211
487
43
229
367
443
499
257
373
41
107
107
271
233
13
397
479
449
307
181
37
463
211
163
157
431
313
229
379
149
431
331
149
193
337
379
227
283
103
113
401
251
239
79
479
263
277
229
41
211
269
179
239
349
101
293
137
211
487
43
229
367
443
499
257
373
41
107
107
271
233
13
397
479
449
307
181
37
463
211
163
157
431
313
229
379
149
431
331
149
193
337
379
227
283
103
113
401
251
239
79
479
263
277
229
41
211
269
179
239
349
101
293
137
211
487
43
229
367
443
499
257
373
41
107
107
271
233
13
397
479
449
307
181
37
463
211
163
157
431
313
229
379
149
431
331
149
193
337
379
227
283
103
113
401
251
239
79
479
263
277
229
41
211
269
179
239
349
101
293
137
211
487
43
229
367
443
499
257
373
41
107
107
271
233
13
397
479
449
307
181
37
463
211
163
157
431
313
229
379
149
431
331
149
193
337
379
227
283
103
113
401
241
127
491
193
383
349
491
73
331
359
251
349
409
457
29
37
257
19
313
103
251
239
79
479
263
277
229
41
211
269
179
239
349
101
293
137
211
487
43
229
367
443
499
257
373
41
107
107
271
233
13
397
479
449
307
181
37
463
211
163
157
431
313
229
379
149
431
331
149
193
337
379
227
283
103
113
401
241
127
491
193
383
349
491
73
331
359
251
349
409
457
29
37
257
19
313
103
383
353
311
37
337
173
61
359
257
43
59
13
101
167
457
199
13
37
127
197
251
239
79
479
263
277
229
41
211
269
179
239
349
101
293
137
211
487
43
229
367
443
499
257
373
41
107
107
271
233
13
397
479
449
307
181
37
463
211
163
157
431
313
229
379
149
431
331
149
193
337
379
227
283
103
113
401
241
127
491
193
383
349
491
73
331
359
251
349
409
457
29
37
257
19
313
103
383
353
311
37
337
173
61
359
257
43
59
13
101
167
457
199
13
37
127
197
193
337
71
179
163
353
7
17
401
97
347
83
97
7
227
61
59
31
449
107
223
251
239
79
479
263
277
229
41
211
269
179
239
349
101
293
137
211
487
43
229
367
443
499
257
373
41
107
107
271
233
13
397
479
449
307
181
37
463
211
163
157
431
313
229
379
149
431
331
149
193
337
379
227
283
103
113
401
241
127
491
193
383
349
491
73
331
359
251
349
409
457
29
37
257
19
313
103
383
353
311
37
337
173
61
359
257
43
59
13
101
167
457
199
13
37
127
197
193
337
71
179
163
353
7
17
401
97
347
83
97
7
227
61
59
31
449
107
223
191
457
2
79
53
373
127
353
1
479
199
179
397
389
23
103
431
103
163
271
5
199
251
239
79
479
263
277
229
41
211
269
179
239
349
101
293
137
211
487
43
229
367
443
499
257
373
41
107
107
271
233
13
397
479
449
307
181
37
463
211
163
157
431
313
229
379
149
431
331
149
193
337
379
227
283
103
113
401
241
127
491
193
383
349
491
73
331
359
251
349
409
457
29
37
257
19
313
103
383
353
311
37
337
173
61
359
257
43
59
13
101
167
457
199
13
37
127
197
193
337
71
179
163
353
7
17
401
97
347
83
97
7
227
61
59
31
449
107
223
191
457
2
79
53
373
127
353
1
479
199
179
397
389
23
103
431
103
163
271
5
199
179
79
241
71
103
101
241
449
41
251
41
491
151
113
71
461
463
271
59
347
113
7
251
239
79
479
263
277
229
41
211
269
179
239
349
101
293
137
211
487
43
229
367
443
499
257
373
41
107
107
271
233
13
397
479
449
307
181
37
463
211
163
157
431
313
229
379
149
431
331
149
193
337
379
227
283
103
113
401
241
127
491
193
383
349
491
73
331
359
251
349
409
457
29
37
257
19
313
103
383
353
311
37
337
173
61
359
257
43
59
13
101
167
457
199
13
37
127
197
193
337
71
179
163
353
7
17
401
97
347
83
97
7
227
61
59
31
449
107
223
191
457
2
79
53
373
127
353
1
479
199
179
397
389
23
103
431
103
163
271
5
199
179
79
241
71
103
101
241
449
41
251
41
491
151
113
71
461
463
271
59
347
113
7
239
263
241
151
463
313
199
127
7
269
491
113
113
109
